FOTOMETRIA DIFERENCIAL ESTANDARIZADA - GORA

ESTRELLAS DE CALIBRADO:
   C1: 11.975
   C2: 11.892
   C3: 12.25
   C4: 12.681
   C5: 13.011
   C6: 13.3

(814) TAURIS                        13.014
FECHA J GEO           MAG      +/-         MAG      +/-
----------------------------------  -------------------
2459440.68531      -0.027    0.003
2459440.68881      -0.024    0.003
2459440.69229      -0.026    0.003
2459440.69579      -0.032    0.003
2459440.69927      -0.041    0.003
2459440.70277      -0.041    0.003
2459440.70625      -0.036    0.003
2459440.70975      -0.031    0.003
2459440.71323      -0.040    0.003
2459440.71671      -0.039    0.003
2459440.72021      -0.035    0.003
2459440.72369      -0.046    0.003
2459440.72718      -0.037    0.003
2459440.73067      -0.048    0.003
2459440.73416      -0.040    0.003
2459440.73765      -0.042    0.003
2459440.74113      -0.040    0.003
2459440.74463      -0.049    0.003
2459440.74811      -0.047    0.003
2459440.75160      -0.051    0.003
2459440.75509      -0.045    0.003
2459440.75858      -0.053    0.003
2459440.76207      -0.054    0.003
2459440.76556      -0.055    0.003
2459440.76905      -0.056    0.003
2459440.77253      -0.059    0.003
2459440.77602      -0.059    0.003
2459440.77951      -0.059    0.003
2459440.78300      -0.061    0.003
2459440.78649      -0.063    0.003
2459440.78998      -0.067    0.003
2459440.79346      -0.063    0.003
2459440.79696      -0.071    0.003
2459440.80044      -0.060    0.003
2459440.80394      -0.069    0.003
2459440.80742      -0.071    0.003
2459440.81091      -0.071    0.003
2459440.81440      -0.067    0.003
2459440.81788      -0.064    0.003
2459440.82138      -0.072    0.003

Observador: MMartini
FotoDif 3.109

Procesado con Herramientas GORA versión 0.2
Fecha de estandarización: 814_Tauris_2021_08_14_OAO_M.Martini_EfemJPL.txt
Magnitud de estandarización: 814_Tauris_2021_08_14_OAO_M.Martini_EfemJPL.txt
