FOTOMETRIA DIFERENCIAL ESTANDARIZADA - GORA

ESTRELLAS DE CALIBRADO:
   C1: 12.505
   C2: 12.91
   C3: 12.684
   C4: 12.877
   C5: 12.358

(814) TAURIS                        13.13
FECHA J GEO           MAG      +/-         MAG      +/-
----------------------------------  -------------------
2459453.47704      -0.078    0.004
2459453.47912      -0.084    0.004
2459453.48123      -0.087    0.004
2459453.48332      -0.101    0.004
2459453.48542      -0.099    0.004
2459453.48752      -0.099    0.004
2459453.48962      -0.116    0.004
2459453.49171      -0.097    0.004
2459453.49382      -0.102    0.004
2459453.49591      -0.107    0.004
2459453.49802      -0.096    0.004
2459453.50012      -0.094    0.004
2459453.50222      -0.110    0.004
2459453.50432      -0.110    0.004
2459453.50642      -0.112    0.004
2459453.50852      -0.103    0.004
2459453.51061      -0.112    0.004
2459453.51272      -0.104    0.003
2459453.51481      -0.106    0.004
2459453.51691      -0.098    0.004
2459453.51902      -0.101    0.004
2459453.52111      -0.112    0.003
2459453.52323      -0.109    0.003
2459453.52532      -0.109    0.003
2459453.52743      -0.105    0.003
2459453.52953      -0.103    0.004
2459453.53163      -0.119    0.004
2459453.53373      -0.120    0.004
2459453.53582      -0.105    0.004
2459453.53793      -0.110    0.004
2459453.54002      -0.118    0.004
2459453.54212      -0.118    0.004
2459453.54422      -0.105    0.004
2459453.54632      -0.107    0.004
2459453.54841      -0.106    0.004
2459453.55052      -0.106    0.003
2459453.55262      -0.120    0.003
2459453.55471      -0.116    0.003
2459453.55682      -0.114    0.003
2459453.55891      -0.118    0.003
2459453.56102      -0.112    0.003
2459453.56311      -0.116    0.003
2459453.56521      -0.120    0.003
2459453.56731      -0.113    0.003
2459453.56941      -0.110    0.003
2459453.57150      -0.120    0.003
2459453.57361      -0.111    0.003
2459453.57572      -0.113    0.003
2459453.57781      -0.113    0.003
2459453.57992      -0.123    0.003
2459453.58201      -0.109    0.003
2459453.58412      -0.114    0.003
2459453.58622      -0.119    0.003
2459453.58832      -0.113    0.003
2459453.59042      -0.108    0.003
2459453.59251      -0.109    0.003
2459453.59462      -0.110    0.003
2459453.59671      -0.107    0.003
2459453.59890      -0.118    0.003
2459453.60101      -0.113    0.003
2459453.60310      -0.106    0.003
2459453.60521      -0.118    0.003
2459453.60730      -0.109    0.003
2459453.60941      -0.106    0.003
2459453.61150      -0.112    0.003
2459453.61361      -0.119    0.003
2459453.61572      -0.107    0.003
2459453.61782      -0.098    0.003
2459453.61993      -0.106    0.003
2459453.62203      -0.110    0.003
2459453.62412      -0.109    0.003
2459453.62623      -0.102    0.003
2459453.62833      -0.112    0.003
2459453.63043      -0.106    0.003
2459453.63253      -0.104    0.003
2459453.63463      -0.104    0.003
2459453.63674      -0.115    0.003
2459453.63883      -0.104    0.003
2459453.64094      -0.105    0.003
2459453.64303      -0.099    0.003
2459453.64514      -0.109    0.003
2459453.64723      -0.100    0.003
2459453.64933      -0.108    0.003
2459453.65144      -0.104    0.003
2459453.65353      -0.103    0.003
2459453.65564      -0.115    0.004
2459453.65773      -0.109    0.004
2459453.65983      -0.112    0.004
2459453.66193      -0.104    0.004
2459453.66403      -0.104    0.004
2459453.66613      -0.110    0.004
2459453.66823      -0.112    0.004
2459453.67034      -0.113    0.004
2459453.67243      -0.096    0.004
2459453.67454      -0.115    0.004
2459453.67663      -0.113    0.004
2459453.67874      -0.123    0.004
2459453.68083      -0.115    0.004

Observador: MMartini
FotoDif 3.109

Procesado con Herramientas GORA versión 0.2
Fecha de estandarización: 814_Tauris_2021_08_26_OAO_M.Martini_EfemJPL.txt
Magnitud de estandarización: 814_Tauris_2021_08_26_OAO_M.Martini_EfemJPL.txt
