FOTOMETRIA DIFERENCIAL ESTANDARIZADA - GORA

ESTRELLAS DE CALIBRADO:
   C1: 12.908
   C2: 12.48
   C3: 12.747
   C4: 11.713

(814) TAURIS                        13.1
FECHA J GEO           MAG      +/-         MAG      +/-
----------------------------------  -------------------
2459448.48523      -0.065    0.004
2459448.48733      -0.051    0.004
2459448.48942      -0.043    0.004
2459448.49153      -0.042    0.004
2459448.49362      -0.044    0.004
2459448.49573      -0.066    0.004
2459448.49782      -0.040    0.004
2459448.49993      -0.051    0.004
2459448.50203      -0.022    0.004
2459448.50413      -0.039    0.004
2459448.50623      -0.035    0.004
2459448.50833      -0.026    0.004
2459448.51043      -0.013    0.004
2459448.51253      -0.021    0.004
2459448.51463      -0.027    0.004
2459448.51672      -0.021    0.004
2459448.51883      -0.017    0.004
2459448.52093      -0.027    0.004
2459448.52303      -0.024    0.004
2459448.52513      -0.035    0.004
2459448.52722      -0.020    0.004
2459448.52933      -0.020    0.004
2459448.53142      -0.036    0.004
2459448.53352      -0.033    0.004
2459448.53562      -0.012    0.004
2459448.53772      0.005    0.004
2459448.53983      -0.025    0.004
2459448.54192      0.002    0.004
2459448.54403      -0.009    0.004
2459448.54612      -0.024    0.004
2459448.54823      0.000    0.004
2459448.55032      -0.007    0.004
2459448.55243      -0.004    0.004
2459448.55453      0.003    0.004
2459448.55662      -0.007    0.004
2459448.55873      -0.017    0.004
2459448.56082      -0.008    0.004
2459448.56292      0.010    0.004
2459448.56502      -0.005    0.004
2459448.56712      -0.007    0.004
2459448.56921      -0.005    0.004
2459448.57132      0.013    0.004
2459448.57341      0.012    0.004
2459448.57551      0.002    0.004
2459448.57762      0.015    0.004
2459448.57971      -0.013    0.004
2459448.58181      0.000    0.004
2459448.58391      0.023    0.004
2459448.58601      0.020    0.004
2459448.58810      0.013    0.004
2459448.59021      0.013    0.004
2459448.59230      0.000    0.004
2459448.59440      0.018    0.004
2459448.59650      0.005    0.004
2459448.59860      0.032    0.004
2459448.60071      0.028    0.004
2459448.60281      0.031    0.004
2459448.60491      0.021    0.004
2459448.60747      0.018    0.003
2459448.61025      0.028    0.003
2459448.61306      0.028    0.003
2459448.64659      0.034    0.003
2459448.64938      0.030    0.003
2459448.65218      0.040    0.003
2459448.65497      0.028    0.003
2459448.65777      0.026    0.003
2459448.66056      0.022    0.003
2459448.66336      0.019    0.003
2459448.66615      0.015    0.003
2459448.66895      0.007    0.003
2459448.67174      0.019    0.003
2459448.67454      0.017    0.003
2459448.67733      0.015    0.003
2459448.68013      0.015    0.003
2459448.68292      0.016    0.003
2459448.68572      0.019    0.003
2459448.68851      0.019    0.003
2459448.69131      0.009    0.003
2459448.70059      0.015    0.003
2459448.70338      0.018    0.003
2459448.70617      0.008    0.003
2459448.70897      0.007    0.003
2459448.71176      0.009    0.003
2459448.71455      0.005    0.003
2459448.71735      0.005    0.003
2459448.72014      0.013    0.003
2459448.72293      0.010    0.003
2459448.72573      -0.003    0.003
2459448.72852      0.000    0.003
2459448.73132      -0.001    0.003
2459448.73411      -0.007    0.003
2459448.73690      0.011    0.003
2459448.73970      -0.007    0.003
2459448.74249      -0.014    0.003
2459448.74529      -0.004    0.003
2459448.74808      0.004    0.003
2459448.75087      0.000    0.003
2459448.75366      -0.003    0.003
2459448.75646      -0.004    0.003
2459448.75925      0.002    0.003
2459448.76205      -0.009    0.003
2459448.76484      -0.015    0.003
2459448.76764      -0.028    0.003
2459448.77043      -0.024    0.003
2459448.77322      -0.023    0.003
2459448.77602      -0.025    0.003
2459448.77881      -0.014    0.003
2459448.78160      -0.023    0.003
2459448.78440      -0.021    0.003
2459448.78719      -0.021    0.003
2459448.78998      -0.029    0.003
2459448.79278      -0.036    0.003
2459448.79557      -0.032    0.003
2459448.79836      -0.041    0.003
2459448.80116      -0.039    0.003
2459448.80395      -0.034    0.003
2459448.80674      -0.032    0.003
2459448.80953      -0.026    0.003
2459449.47389      -0.008    0.003
2459449.47668      -0.002    0.003
2459449.48086      -0.032    0.003
2459449.48365      -0.002    0.003
2459449.48645      -0.004    0.003
2459449.48924      -0.017    0.003
2459449.49204      -0.027    0.003
2459449.49484      -0.002    0.003
2459449.49765      -0.001    0.003
2459449.50045      -0.021    0.003
2459449.50325      0.004    0.003
2459449.50604      -0.014    0.003
2459449.50884      -0.016    0.003
2459449.51163      -0.008    0.003
2459449.51443      -0.005    0.003
2459449.51722      -0.002    0.003
2459449.52002      0.002    0.003
2459449.52281      -0.004    0.003
2459449.52561      0.000    0.003
2459449.52840      0.010    0.003
2459449.53119      0.018    0.003
2459449.53399      0.005    0.003
2459449.53678      0.020    0.003
2459449.53958      0.005    0.003
2459449.54237      0.016    0.003
2459449.54517      0.021    0.003
2459449.54796      0.020    0.003
2459449.55075      0.000    0.003
2459449.55355      0.005    0.003
2459449.55634      0.020    0.003
2459449.55913      0.004    0.003
2459449.56193      0.011    0.003
2459449.56472      0.029    0.003
2459449.56751      0.023    0.003
2459449.57031      0.002    0.003
2459449.57310      0.013    0.003
2459449.57589      -0.004    0.003
2459449.57869      0.008    0.003
2459449.58148      0.007    0.003
2459449.58428      0.005    0.003
2459449.58715      0.000    0.003
2459449.58995      -0.008    0.003
2459449.59274      0.007    0.003
2459449.59553      0.008    0.003
2459449.59833      0.005    0.003
2459449.60112      -0.004    0.003
2459449.60392      -0.002    0.003
2459449.60672      -0.004    0.003
2459449.60951      -0.004    0.003
2459449.61231      -0.019    0.003
2459449.61510      -0.008    0.003
2459449.61791      0.005    0.003
2459449.62069      -0.003    0.003
2459449.62350      -0.006    0.003
2459449.62628      -0.012    0.003
2459449.62909      -0.018    0.003
2459449.63190      -0.011    0.003
2459449.63469      -0.017    0.003
2459449.63749      -0.026    0.003
2459449.64029      -0.005    0.003
2459449.64308      -0.010    0.003
2459449.64588      -0.026    0.003
2459449.64867      -0.020    0.003
2459449.65147      -0.020    0.003
2459449.65426      -0.012    0.003
2459449.65705      -0.018    0.003
2459449.65985      -0.023    0.003
2459449.66264      -0.016    0.003
2459449.66543      -0.025    0.003
2459449.66823      -0.013    0.003
2459449.67102      -0.036    0.003
2459449.67381      -0.011    0.003
2459449.67661      -0.002    0.003
2459449.67940      -0.016    0.003
2459449.68219      -0.012    0.003
2459449.68499      -0.001    0.003
2459449.68778      -0.023    0.003
2459449.69057      -0.018    0.003
2459449.69337      -0.015    0.003
2459449.69616      -0.020    0.003

Observador: MMartini
FotoDif 3.109

Procesado con Herramientas GORA versión 0.2
Fecha de estandarización: 814_Tauris_2021_08_21-22_OAO_M.Martini_EfemJPL.txt
Magnitud de estandarización: 814_Tauris_2021_08_21-22_OAO_M.Martini_EfemJPL.txt
