FOTOMETRIA DIFERENCIAL ESTANDARIZADA - GORA

ESTRELLAS DE CALIBRADO:
   C1: 12.775
   C2: 11.722
   C3: 11.794
   C4: 12.33

(814) TAURIS                        12.834
FECHA J GEO           MAG      +/-         MAG      +/-
----------------------------------  -------------------
2459430.57397      0.052    0.003
2459430.57677      0.067    0.004
2459430.57956      0.061    0.003
2459430.58235      0.058    0.003
2459430.58515      0.064    0.003
2459430.58794      0.060    0.003
2459430.59073      0.058    0.003
2459430.59398      0.053    0.003
2459430.59747      0.046    0.003
2459430.60096      0.062    0.003
2459430.60444      0.055    0.003
2459430.60793      0.056    0.003
2459430.61142      0.049    0.003
2459430.61491      0.051    0.003
2459430.61839      0.055    0.003
2459430.62189      0.057    0.003
2459430.62537      0.056    0.003
2459430.62885      0.042    0.003
2459430.63235      0.047    0.003
2459430.63583      0.048    0.003
2459430.63932      0.041    0.003
2459430.64281      0.051    0.003
2459430.64630      0.045    0.003
2459430.64978      0.038    0.003
2459430.65328      0.049    0.003
2459430.65676      0.037    0.003
2459430.66024      0.029    0.003
2459430.66374      0.032    0.003
2459430.66722      0.030    0.003
2459430.67071      0.029    0.003
2459430.67420      0.016    0.003
2459430.67769      0.020    0.003
2459430.68117      0.015    0.003
2459430.68465      0.034    0.003
2459430.68815      0.022    0.003
2459430.69163      0.024    0.003
2459430.69512      0.019    0.003
2459430.69861      0.027    0.003
2459430.70209      0.022    0.003
2459430.70558      0.014    0.003
2459430.70907      0.026    0.003
2459430.71256      0.021    0.003
2459430.71604      0.016    0.003
2459430.71954      0.011    0.003
2459430.72302      0.005    0.003
2459430.72650      0.006    0.003
2459430.72999      0.004    0.003
2459430.73348      0.004    0.003
2459430.73697      -0.018    0.003
2459430.74046      -0.012    0.003
2459430.74395      -0.011    0.003
2459430.74743      -0.001    0.003
2459430.75093      -0.009    0.003
2459430.75441      -0.015    0.003
2459430.75789      -0.011    0.003
2459430.76138      -0.022    0.003
2459431.57311      0.005    0.003
2459431.57661      -0.008    0.003
2459431.58009      0.000    0.003
2459431.58359      -0.001    0.003
2459431.58707      -0.001    0.003
2459431.59057      0.002    0.003
2459431.59405      -0.005    0.003
2459431.59755      0.000    0.003
2459431.60103      -0.002    0.003
2459431.60453      0.003    0.003
2459431.60801      0.007    0.003
2459431.61150      -0.005    0.003
2459431.61499      0.005    0.003
2459431.61847      0.006    0.003
2459431.62197      0.001    0.003
2459431.62545      -0.002    0.003
2459431.62895      0.010    0.003
2459431.63243      0.002    0.003
2459431.63591      0.001    0.003
2459431.63941      -0.013    0.003
2459431.64289      -0.011    0.003
2459431.64638      -0.013    0.003
2459431.64987      -0.015    0.003
2459431.65336      -0.009    0.003
2459431.65684      -0.008    0.003
2459431.66034      -0.013    0.003
2459431.66382      -0.007    0.003
2459431.66730      -0.022    0.003
2459431.67080      -0.011    0.003
2459431.67428      -0.010    0.003
2459431.67777      -0.010    0.003
2459431.68126      -0.012    0.003
2459431.68475      -0.021    0.003
2459431.68823      -0.019    0.003
2459431.69172      -0.019    0.003
2459431.69521      -0.025    0.003
2459431.69870      -0.009    0.003
2459431.70219      -0.021    0.003
2459431.70567      -0.022    0.003
2459431.70916      -0.016    0.003
2459431.71265      -0.020    0.003
2459431.71613      -0.009    0.003
2459431.71962      -0.016    0.003
2459431.72311      -0.010    0.003
2459431.72660      -0.010    0.003
2459431.73008      -0.011    0.003
2459431.73358      -0.016    0.003
2459431.73706      -0.008    0.003
2459431.74054      -0.033    0.003
2459431.74404      -0.021    0.003
2459431.74752      -0.018    0.003
2459431.75101      -0.021    0.003
2459431.75450      -0.019    0.003
2459431.75799      -0.019    0.003

Observador: MMartini
FotoDif 3.109

Procesado con Herramientas GORA versión 0.2
Fecha de estandarización: 814_Tauris_2021_08_03-04_OAO_M.Martini_EfemJPL.txt
Magnitud de estandarización: 814_Tauris_2021_08_03-04_OAO_M.Martini_EfemJPL.txt
