FOTOMETRIA DIFERENCIAL ESTANDARIZADA - GORA

ESTRELLAS DE CALIBRADO:
   C1: 12.99
   C2: 12.637
   C3: 12.189
   C4: 12.657
   C5: 12.596
   C6: 13.138
   C7: 12.178

(814) TAURIS                        13.245
FECHA J GEO           MAG      +/-         MAG      +/-
----------------------------------  -------------------
2459432.57038      -0.105    0.003
2459432.57248      -0.110    0.003
2459432.57668      -0.100    0.003
2459432.57878      -0.105    0.003
2459432.58088      -0.089    0.003
2459432.58299      -0.096    0.003
2459432.58509      -0.088    0.003
2459432.58719      -0.102    0.003
2459432.58929      -0.095    0.003
2459432.59139      -0.096    0.003
2459432.59348      -0.087    0.003
2459432.59558      -0.097    0.003
2459432.59769      -0.089    0.003
2459432.59978      -0.095    0.003
2459432.60398      -0.093    0.003
2459432.60608      -0.086    0.003
2459432.60817      -0.100    0.003
2459432.61027      -0.103    0.003
2459432.61237      -0.088    0.003
2459432.61447      -0.094    0.003
2459432.61656      -0.094    0.003
2459432.62076      -0.099    0.003
2459432.62287      -0.085    0.003
2459432.62497      -0.096    0.003
2459432.62707      -0.093    0.003
2459432.62917      -0.096    0.003
2459432.63127      -0.087    0.003
2459432.63337      -0.094    0.003
2459432.63547      -0.094    0.003
2459432.63757      -0.105    0.003
2459432.63966      -0.101    0.003
2459432.64176      -0.100    0.003
2459432.64387      -0.095    0.003
2459432.64596      -0.098    0.003
2459432.64807      -0.098    0.003
2459432.65016      -0.102    0.003
2459432.65226      -0.098    0.003
2459432.65436      -0.102    0.003
2459432.65646      -0.105    0.003
2459432.65856      -0.108    0.003
2459432.66066      -0.108    0.003
2459432.66275      -0.099    0.003
2459432.66486      -0.113    0.003
2459432.66696      -0.107    0.003
2459432.66906      -0.115    0.003
2459432.67116      -0.105    0.003
2459432.67325      -0.114    0.003
2459432.67536      -0.108    0.003
2459432.67745      -0.108    0.003
2459432.67955      -0.120    0.003
2459432.68166      -0.119    0.003
2459432.68375      -0.116    0.003
2459432.68586      -0.116    0.003
2459432.68795      -0.115    0.003
2459432.69005      -0.121    0.004
2459432.69214      -0.118    0.003
2459432.69425      -0.118    0.003
2459432.69634      -0.112    0.003
2459432.69844      -0.118    0.003
2459432.70054      -0.121    0.003
2459432.70264      -0.115    0.003
2459432.70475      -0.119    0.004
2459432.70684      -0.118    0.003
2459432.70894      -0.117    0.003
2459432.71104      -0.120    0.003
2459432.71314      -0.112    0.003
2459432.71524      -0.120    0.003
2459432.71734      -0.124    0.003
2459432.71943      -0.116    0.003
2459432.72154      -0.117    0.003
2459432.72363      -0.118    0.004
2459432.72574      -0.114    0.003
2459432.72784      -0.117    0.003
2459432.72993      -0.120    0.003
2459432.73204      -0.120    0.003
2459432.73413      -0.126    0.003
2459432.73623      -0.111    0.003
2459433.57968      0.043    0.004
2459433.58177      0.044    0.004
2459433.58389      0.046    0.004
2459433.58598      0.036    0.004
2459433.58895      0.046    0.003
2459433.59641      0.040    0.004
2459433.59852      0.050    0.004
2459433.60061      0.051    0.004
2459433.60341      0.049    0.003
2459433.60620      0.042    0.003
2459433.60900      0.040    0.003
2459433.61181      0.035    0.003
2459433.61459      0.036    0.003
2459433.61740      0.023    0.003
2459433.62019      0.020    0.003
2459433.62299      0.019    0.003
2459433.62578      0.032    0.003
2459433.62858      0.027    0.003
2459433.63140      0.022    0.003
2459433.63557      0.031    0.003
2459433.63837      0.017    0.003
2459433.64116      0.030    0.003
2459433.64396      0.032    0.003
2459433.64676      0.018    0.003
2459433.64956      0.020    0.003
2459433.65235      0.018    0.003
2459433.65515      0.028    0.003
2459433.65794      0.027    0.003
2459433.66074      0.015    0.003
2459433.66353      0.024    0.003
2459433.66632      0.015    0.003
2459433.66912      0.016    0.003
2459433.67191      0.029    0.003
2459433.67750      0.030    0.003
2459433.68029      0.022    0.003
2459433.68309      0.017    0.003
2459433.68588      0.027    0.003
2459433.68867      0.030    0.003
2459433.69147      0.018    0.003
2459433.69426      0.023    0.003
2459433.69705      0.010    0.003
2459433.69985      0.011    0.003
2459433.70264      0.014    0.003
2459433.70543      0.012    0.003
2459433.70823      0.013    0.003
2459433.71102      0.017    0.003
2459433.71381      0.007    0.003
2459433.71661      0.000    0.003
2459433.71940      -0.005    0.003
2459433.72219      -0.007    0.003
2459433.72499      0.007    0.003
2459433.72778      -0.003    0.003
2459433.73057      0.001    0.003
2459433.73337      -0.004    0.003
2459433.73616      -0.015    0.003
2459433.73895      -0.001    0.003
2459433.74175      -0.014    0.003
2459433.74454      -0.014    0.003
2459433.74733      -0.011    0.003
2459433.75013      -0.012    0.003
2459433.75292      -0.016    0.003

Observador: MMartini
FotoDif 3.109

Procesado con Herramientas GORA versión 0.2
Fecha de estandarización: 814_Tauris_2021_08_05-06_OAO_M.Martini_EfemJPL.txt
Magnitud de estandarización: 814_Tauris_2021_08_05-06_OAO_M.Martini_EfemJPL.txt
