FOTOMETRIA DIFERENCIAL ESTANDARIZADA - GORA

ESTRELLAS DE CALIBRADO:
   C1: 12.969
   C2: 12.949
   C3: 12.818
   C4: 13.443

(814) TAURIS                        13.605
FECHA J GEO           MAG      +/-         MAG      +/-
----------------------------------  -------------------
2459425.55174      0.102    0.004
2459425.55384      0.087    0.004
2459425.55594      0.104    0.004
2459425.55803      0.084    0.004
2459425.56014      0.097    0.004
2459425.56223      0.078    0.004
2459425.56434      0.079    0.004
2459425.56644      0.090    0.004
2459425.56853      0.085    0.004
2459425.57064      0.083    0.004
2459425.57273      0.090    0.004
2459425.57483      0.082    0.004
2459425.57692      0.075    0.004
2459425.57903      0.075    0.004
2459425.58112      0.075    0.004
2459425.58322      0.066    0.004
2459425.58532      0.083    0.004
2459425.58742      0.068    0.004
2459425.58951      0.086    0.004
2459425.59162      0.077    0.004
2459425.59375      0.068    0.004
2459425.59584      0.066    0.004
2459425.59795      0.082    0.004
2459425.60005      0.063    0.004
2459425.60214      0.074    0.004
2459425.60425      0.071    0.004
2459425.60635      0.073    0.004
2459425.60845      0.072    0.004
2459425.61054      0.065    0.004
2459425.61265      0.073    0.004
2459425.61475      0.068    0.004
2459425.61685      0.076    0.004
2459425.61895      0.065    0.004
2459425.62104      0.063    0.004
2459425.62315      0.071    0.004
2459425.62524      0.065    0.004
2459425.62734      0.069    0.004
2459425.62943      0.075    0.004
2459425.63154      0.072    0.004
2459425.63363      0.071    0.004
2459425.63574      0.064    0.004
2459425.63784      0.064    0.004
2459425.63993      0.069    0.004
2459425.64203      0.062    0.004
2459425.64413      0.064    0.004
2459425.64623      0.065    0.004
2459425.64832      0.069    0.004
2459425.65043      0.067    0.004
2459425.65252      0.067    0.004
2459425.65462      0.063    0.004
2459425.65672      0.050    0.004
2459425.65882      0.058    0.004
2459425.66091      0.063    0.004
2459425.66301      0.058    0.004
2459425.66512      0.059    0.004
2459425.66721      0.053    0.004
2459425.66931      0.059    0.004
2459425.67141      0.061    0.004
2459425.67351      0.054    0.004
2459425.67560      0.054    0.004
2459425.67771      0.058    0.004
2459425.67980      0.060    0.004
2459425.68190      0.052    0.004
2459425.68400      0.059    0.004
2459425.68610      0.049    0.004
2459425.68819      0.054    0.004
2459425.69030      0.056    0.004
2459425.69240      0.060    0.004
2459425.69449      0.051    0.004
2459425.69659      0.057    0.004
2459425.69869      0.053    0.004
2459425.70079      0.046    0.004
2459425.70288      0.051    0.004
2459425.70499      0.057    0.004
2459425.70708      0.045    0.004
2459425.70918      0.058    0.004
2459425.71127      0.048    0.004
2459425.71338      0.044    0.004
2459425.71547      0.041    0.004
2459425.71757      0.055    0.004
2459425.71968      0.034    0.004
2459425.72177      0.046    0.004
2459425.72387      0.052    0.004
2459425.72596      0.054    0.004
2459425.72807      0.044    0.004
2459425.73016      0.050    0.004
2459425.73226      0.048    0.004
2459425.73436      0.046    0.004
2459425.73646      0.041    0.004
2459425.73855      0.039    0.004
2459425.74066      0.036    0.004
2459425.74275      0.036    0.004
2459425.74485      0.029    0.004
2459425.74694      0.043    0.004
2459425.74905      0.028    0.004
2459425.75115      0.043    0.004
2459425.75324      0.036    0.004
2459425.75534      0.042    0.004
2459425.75744      0.035    0.004
2459425.75954      0.028    0.004
2459425.76163      0.027    0.004
2459425.76374      0.034    0.004
2459425.76583      0.037    0.004
2459425.76793      0.032    0.004
2459425.77003      0.033    0.004
2459425.77213      0.028    0.004
2459425.77422      0.024    0.004
2459425.77633      0.021    0.004
2459425.77843      0.027    0.004
2459425.78052      0.026    0.004
2459426.66816      -0.014    0.004
2459426.67027      -0.016    0.004
2459426.67236      -0.015    0.004
2459426.67447      -0.026    0.004
2459426.67660      -0.018    0.004
2459426.67869      -0.022    0.004
2459426.68080      -0.024    0.004
2459426.68289      -0.020    0.004
2459426.68500      -0.036    0.004
2459426.68709      -0.028    0.004
2459426.68919      -0.037    0.003
2459426.69130      -0.034    0.004
2459426.69339      -0.036    0.004
2459426.69550      -0.030    0.004
2459426.69759      -0.024    0.004
2459426.69969      -0.041    0.003
2459426.70178      -0.036    0.004
2459426.70389      -0.039    0.004
2459426.70598      -0.031    0.003
2459426.70808      -0.028    0.003
2459426.71019      -0.026    0.004
2459426.71228      -0.024    0.003
2459426.71438      -0.043    0.003
2459426.71647      -0.026    0.004
2459426.71858      -0.036    0.003
2459426.72067      -0.035    0.004
2459426.72277      -0.033    0.003
2459426.72487      -0.024    0.003
2459426.72697      -0.023    0.004
2459426.72906      -0.029    0.004
2459426.73116      -0.028    0.004
2459426.73326      -0.027    0.003
2459426.73536      -0.026    0.004
2459426.73745      -0.024    0.004
2459426.73956      -0.027    0.003
2459426.74166      -0.016    0.004
2459426.74375      -0.026    0.004
2459426.74586      -0.027    0.004
2459426.74795      -0.029    0.004
2459426.75005      -0.015    0.004
2459426.75215      -0.007    0.004
2459426.75425      -0.021    0.004
2459426.75634      -0.018    0.004
2459426.75845      -0.012    0.004
2459426.76054      -0.023    0.004
2459426.76264      -0.004    0.004
2459426.76473      -0.004    0.004
2459426.76683      -0.013    0.004
2459426.76894      -0.018    0.004
2459426.77103      -0.012    0.004
2459426.77312      -0.013    0.004
2459426.77523      -0.006    0.004
2459426.77733      -0.006    0.004

Observador: MMartini
FotoDif 3.109

Procesado con Herramientas GORA versión 0.2
Fecha de estandarización: 814_Tauris_2021_07_29-30_OAO_M.Martini_EfemJPL.txt
Magnitud de estandarización: 814_Tauris_2021_07_29-30_OAO_M.Martini_EfemJPL.txt
