FOTOMETRÍA ABSOLUTA

ESTRELLAS DE CALIBRADO:
   C1: 11.975
   C2: 11.892
   C3: 12.25
   C4: 12.681
   C5: 13.011
   C6: 13.3

(814) TAURIS                        13.014
FECHA J GEO           MAG      +/-         MAG      +/-
----------------------------------  -------------------
2459440.68531      12.476    0.003      13.004    0.004
2459440.68881      12.479    0.003      13.010    0.004
2459440.69229      12.477    0.003      13.008    0.004
2459440.69579      12.471    0.003      13.012    0.004
2459440.69927      12.462    0.003      13.001    0.004
2459440.70277      12.462    0.003      13.004    0.004
2459440.70625      12.467    0.003      12.997    0.004
2459440.70975      12.472    0.003      13.016    0.004
2459440.71323      12.463    0.003      13.011    0.004
2459440.71671      12.464    0.003      13.009    0.004
2459440.72021      12.468    0.003      13.016    0.004
2459440.72369      12.457    0.003      13.007    0.004
2459440.72718      12.466    0.003      13.011    0.004
2459440.73067      12.455    0.003      13.005    0.004
2459440.73416      12.463    0.003      13.005    0.004
2459440.73765      12.461    0.003      13.003    0.004
2459440.74113      12.463    0.003      13.013    0.004
2459440.74463      12.454    0.003      13.015    0.004
2459440.74811      12.456    0.003      13.008    0.004
2459440.75160      12.452    0.003      13.007    0.003
2459440.75509      12.458    0.003      13.014    0.004
2459440.75858      12.450    0.003      13.010    0.004
2459440.76207      12.449    0.003      13.019    0.004
2459440.76556      12.448    0.003      13.012    0.004
2459440.76905      12.447    0.003      13.007    0.004
2459440.77253      12.444    0.003      13.014    0.004
2459440.77602      12.444    0.003      13.011    0.004
2459440.77951      12.444    0.003      13.012    0.004
2459440.78300      12.442    0.003      13.014    0.004
2459440.78649      12.440    0.003      13.013    0.004
2459440.78998      12.436    0.003      13.006    0.004
2459440.79346      12.440    0.003      13.007    0.004
2459440.79696      12.432    0.003      13.009    0.004
2459440.80044      12.443    0.003      13.015    0.004
2459440.80394      12.434    0.003      13.014    0.004
2459440.80742      12.432    0.003      13.012    0.004
2459440.81091      12.432    0.003      13.015    0.004
2459440.81440      12.436    0.003      13.023    0.004
2459440.81788      12.439    0.003      13.016    0.004
2459440.82138      12.431    0.003      13.022    0.004

Observador: MMartini
FotoDif 3.109
