FOTOMETRÍA ABSOLUTA

ESTRELLAS DE CALIBRADO:
   C1: 12.358
   C2: 12.607

814_TAURIS                          12.505
FECHA J GEO           MAG      +/-         MAG      +/-
----------------------------------  -------------------
2459453.68625      12.410    0.002      12.492    0.002
2459453.68905      12.414    0.002      12.475    0.002
2459453.69184      12.401    0.002      12.481    0.002
2459453.69464      12.393    0.002      12.496    0.002
2459453.69744      12.405    0.002      12.485    0.002
2459453.70024      12.399    0.002      12.470    0.002
2459453.70303      12.382    0.002      12.470    0.002
2459453.70583      12.404    0.002      12.452    0.002
2459453.70863      12.409    0.002      12.469    0.002
2459453.71144      12.404    0.002      12.478    0.002
2459453.71424      12.399    0.002      12.461    0.002
2459453.71703      12.397    0.002      12.469    0.002
2459453.71983      12.359    0.002      12.449    0.002
2459453.72263      12.396    0.002      12.470    0.002
2459453.72543      12.366    0.002      12.464    0.002
2459453.72822      12.325    0.002      12.448    0.002
2459453.73102      12.291    0.002      12.442    0.003
2459453.73382      12.360    0.002      12.460    0.002
2459453.73662      12.378    0.002      12.479    0.002
2459453.73941      12.371    0.002      12.448    0.002
2459453.74221      12.377    0.002      12.471    0.002
2459453.74501      12.415    0.002      12.466    0.002
2459453.74781      12.385    0.002      12.474    0.002
2459453.75061      12.396    0.002      12.500    0.002
2459453.75340      12.414    0.002      12.486    0.002
2459453.75620      12.394    0.002      12.473    0.002

Observador: Marcos Santucho (OOT - MPC Code X14)
FotoDif 3.109
