FOTOMETRÍA ABSOLUTA

ESTRELLAS DE CALIBRADO:
   C1: 12.505
   C2: 12.607
   C3: 12.877

814                                 14.083
FECHA J GEO           MAG      +/-         MAG      +/-
----------------------------------  -------------------
2459453.46660      12.498    0.002      14.108    0.005
2459453.46941      12.514    0.002      14.111    0.005
2459453.47218      12.497    0.002      14.105    0.005
2459453.47494      12.501    0.002      14.100    0.005
2459453.47771      12.501    0.002      14.122    0.005
2459453.48048      12.499    0.002      14.109    0.005
2459453.48197      12.508    0.002      14.132    0.005
2459453.48350      12.497    0.002      14.123    0.005
2459453.48802      12.484    0.002      14.086    0.005
2459453.49079      12.483    0.002      14.098    0.005
2459453.49355      12.478    0.002      14.094    0.005
2459453.49632      12.477    0.002      14.112    0.005
2459453.49910      12.475    0.002      14.093    0.005
2459453.50186      12.476    0.002      14.086    0.005
2459453.50618      12.465    0.002      14.081    0.005
2459453.50772      12.472    0.002      14.088    0.005
2459453.51049      12.466    0.002      14.063    0.005
2459453.51325      12.470    0.002      14.096    0.005

Observador: Observatorio Municipal Reconquista
FotoDif 3.109
